<?xml version='1.0' encoding='utf-8'?>
<opencv_storage><calibration_Time>"Sat Apr 26 06:28:36 2025"</calibration_Time><image_Width>9504</image_Width><image_Height>6336</image_Height><Camera_Matrix type_id="opencv-matrix"><rows>3</rows><cols>3</cols><dt>d</dt><data>9496.096407542143 0. 4767.417859884512 0. 9496.096407542143 3219.551527309029 0. 0. 1.</data></Camera_Matrix><Distortion_Coefficients type_id="opencv-matrix"><rows>5</rows><cols>1</cols><dt>d</dt><data>-0.03139160436888586 0.08357143721040022 0.001582876567145783 0.0008906768318026291 0.20139101532250853</data></Distortion_Coefficients></opencv_storage>