<?xml version='1.0' encoding='utf-8'?>
<opencv_storage><calibration_Time>"Sat Apr 26 06:54:38 2025"</calibration_Time><image_Width>9504</image_Width><image_Height>6336</image_Height><Camera_Matrix type_id="opencv-matrix"><rows>3</rows><cols>3</cols><dt>d</dt><data>13172.830584307932 0. 4775.287313888529 0. 13172.830584307932 3172.582862626237 0. 0. 1.</data></Camera_Matrix><Distortion_Coefficients type_id="opencv-matrix"><rows>5</rows><cols>1</cols><dt>d</dt><data>-0.03043633773359777 0.045376308018908657 0.0008739262817340024 0.0007784996614331359 3.8875168763688466</data></Distortion_Coefficients></opencv_storage>