<?xml version='1.0' encoding='utf-8'?>
<opencv_storage><calibration_Time>"Thu Apr 24 11:16:24 2025"</calibration_Time><image_Width>9504</image_Width><image_Height>6336</image_Height><Camera_Matrix type_id="opencv-matrix"><rows>3</rows><cols>3</cols><dt>d</dt><data>13354.188731989707 0. 4778.7726426812105 0. 13354.188731989707 3197.4875526308847 0. 0. 1.</data></Camera_Matrix><Distortion_Coefficients type_id="opencv-matrix"><rows>5</rows><cols>1</cols><dt>d</dt><data>-0.0002608868990105554 -0.08646205902396413 0.0007508660949365877 0.0012352650361378155 5.043669726880822</data></Distortion_Coefficients></opencv_storage>