<?xml version='1.0' encoding='utf-8'?>
<opencv_storage><calibration_Time>"Thu Apr 24 11:03:07 2025"</calibration_Time><image_Width>9504</image_Width><image_Height>6336</image_Height><Camera_Matrix type_id="opencv-matrix"><rows>3</rows><cols>3</cols><dt>d</dt><data>13430.448511866223 0. 4776.082664318992 0. 13430.448511866223 3204.3566455025893 0. 0. 1.</data></Camera_Matrix><Distortion_Coefficients type_id="opencv-matrix"><rows>5</rows><cols>1</cols><dt>d</dt><data>0.023331174083616204 -0.14692787094906645 0.0014958051870853797 0.0010067956156246918 5.514681778645701</data></Distortion_Coefficients></opencv_storage>