<?xml version='1.0' encoding='utf-8'?>
<opencv_storage><calibration_Time>"Sat Apr 26 07:46:00 2025"</calibration_Time><image_Width>9504</image_Width><image_Height>6336</image_Height><Camera_Matrix type_id="opencv-matrix"><rows>3</rows><cols>3</cols><dt>d</dt><data>13206.112370757714 0. 4777.542173029743 0. 13206.112370757714 3167.0308217814995 0. 0. 1.</data></Camera_Matrix><Distortion_Coefficients type_id="opencv-matrix"><rows>5</rows><cols>1</cols><dt>d</dt><data>-0.03746494571495025 0.11291732348513653 0.0005564752106970355 0.0006800852256079317 3.740416934179483</data></Distortion_Coefficients></opencv_storage>