<?xml version='1.0' encoding='utf-8'?>
<opencv_storage><calibration_Time>"Tue Mar 15 11:46:38 2022"</calibration_Time><image_Width>6000</image_Width><image_Height>4000</image_Height><Camera_Matrix type_id="opencv-matrix"><rows>3</rows><cols>3</cols><dt>d</dt><data>9083.059289960034 0. 2954.182465222238 0. 9083.059289960034 1900.5118473596892 0. 0. 1.</data></Camera_Matrix><Distortion_Coefficients type_id="opencv-matrix"><rows>5</rows><cols>1</cols><dt>d</dt><data>0.0767680399496855 -0.4219270123257863 0.0 0.0 0.0</data></Distortion_Coefficients></opencv_storage>