<?xml version='1.0' encoding='utf-8'?>
<opencv_storage><calibration_Time>"Mon Mar 7 13:12:58 2022"</calibration_Time><image_Width>6000</image_Width><image_Height>4000</image_Height><Camera_Matrix type_id="opencv-matrix"><rows>3</rows><cols>3</cols><dt>d</dt><data>9111.557175104741 0. 2980.5738336920044 0. 9111.557175104741 1966.9837083754855 0. 0. 1.</data></Camera_Matrix><Distortion_Coefficients type_id="opencv-matrix"><rows>5</rows><cols>1</cols><dt>d</dt><data>0.08702967854129451 -0.5691865754525168 0.0023436062025133054 0.0008248282302017247 0.6774929081568506</data></Distortion_Coefficients></opencv_storage>