<?xml version='1.0' encoding='utf-8'?>
<opencv_storage><calibration_Time>"Tue Mar 29 05:49:24 2022"</calibration_Time><image_Width>6000</image_Width><image_Height>4000</image_Height><Camera_Matrix type_id="opencv-matrix"><rows>3</rows><cols>3</cols><dt>d</dt><data>9016.53245118954 0. 2997.936513929156 0. 9016.53245118954 1989.2432633005808 0. 0. 1.</data></Camera_Matrix><Distortion_Coefficients type_id="opencv-matrix"><rows>5</rows><cols>1</cols><dt>d</dt><data>0.08097130705298024 -0.6240973259252834 -0.0013442277129178176 0.0010414206834323486 0.905728646414093</data></Distortion_Coefficients></opencv_storage>