<?xml version='1.0' encoding='utf-8'?>
<opencv_storage><calibration_Time>"Mon Mar 7 11:03:16 2022"</calibration_Time><image_Width>6000</image_Width><image_Height>4000</image_Height><Camera_Matrix type_id="opencv-matrix"><rows>3</rows><cols>3</cols><dt>d</dt><data>6106.798693344824 0. 3012.7034506594136 0. 6106.798693344824 1975.5578641356444 0. 0. 1.</data></Camera_Matrix><Distortion_Coefficients type_id="opencv-matrix"><rows>5</rows><cols>1</cols><dt>d</dt><data>-0.09537797777806901 0.070889533868975 3.381524610444041e-05 -0.0006734003475280767 0.2242211662098687</data></Distortion_Coefficients></opencv_storage>