<?xml version='1.0' encoding='utf-8'?>
<opencv_storage><calibration_Time>"Thu Mar 24 18:10:26 2022"</calibration_Time><image_Width>6000</image_Width><image_Height>4000</image_Height><Camera_Matrix type_id="opencv-matrix"><rows>3</rows><cols>3</cols><dt>d</dt><data>6107.397875023933 0. 3023.6911323555237 0. 6107.397875023933 1974.3876321362736 0. 0. 1.</data></Camera_Matrix><Distortion_Coefficients type_id="opencv-matrix"><rows>5</rows><cols>1</cols><dt>d</dt><data>-0.09568563543447961 0.07114828187329668 0.0 0.0 0.22671427191566756</data></Distortion_Coefficients></opencv_storage>