<?xml version='1.0' encoding='utf-8'?>
<opencv_storage><calibration_Time>"Mon Mar 7 12:59:40 2022"</calibration_Time><image_Width>6000</image_Width><image_Height>4000</image_Height><Camera_Matrix type_id="opencv-matrix"><rows>3</rows><cols>3</cols><dt>d</dt><data>9122.048581834882 0. 3055.508057216641 0. 9122.048581834882 2018.6358214062282 0. 0. 1.</data></Camera_Matrix><Distortion_Coefficients type_id="opencv-matrix"><rows>5</rows><cols>1</cols><dt>d</dt><data>0.09702724222621698 -0.7090057949864467 0.0033858142951320646 0.0021793407431924573 1.3771452104071469</data></Distortion_Coefficients></opencv_storage>