<?xml version='1.0' encoding='utf-8'?>
<opencv_storage><calibration_Time>"Mon Jul 18 12:09:56 2022"</calibration_Time><image_Width>7952</image_Width><image_Height>5304</image_Height><Camera_Matrix type_id="opencv-matrix"><rows>3</rows><cols>3</cols><dt>d</dt><data>12576.622265969147 0. 3964.014926078693 0. 12576.622265969147 2653.1956765762343 0. 0. 1.</data></Camera_Matrix><Distortion_Coefficients type_id="opencv-matrix"><rows>5</rows><cols>1</cols><dt>d</dt><data>0.020898242710963532 -0.3290263792437008 0.0 0.0 1.695651608661297</data></Distortion_Coefficients></opencv_storage>