<?xml version="1.0"?>
<opencv_storage>
<calibration_Time>"2022-07-17 13:01:57.052705"</calibration_Time>
<image_Height>5304</image_Height>
<image_Width>7952</image_Width>
<Camera_Matrix type_id="opencv-matrix">
  <rows>3</rows>
  <cols>3</cols>
  <dt>d</dt>
  <data>
    1.2613203114065525e+04 0. 3.9734060469097785e+03 0.
    1.2613203114065525e+04 2.6728310828552035e+03 0. 0. 1.</data></Camera_Matrix>
<Distortion_Coefficients type_id="opencv-matrix">
  <rows>5</rows>
  <cols>1</cols>
  <dt>d</dt>
  <data>
    1.8466413492015020e-02 -2.7465264519804833e-01
    1.9694972976744301e-04 3.1268827316154914e-04 1.5079087944562921e+00</data></Distortion_Coefficients>
</opencv_storage>
