<?xml version='1.0' encoding='utf-8'?>
<opencv_storage><calibration_Time>"Tue Mar 29 05:43:54 2022"</calibration_Time><image_Width>6000</image_Width><image_Height>4000</image_Height><Camera_Matrix type_id="opencv-matrix"><rows>3</rows><cols>3</cols><dt>d</dt><data>9058.523204547253 0. 2975.9190908241935 0. 9058.523204547253 1974.385876830789 0. 0. 1.</data></Camera_Matrix><Distortion_Coefficients type_id="opencv-matrix"><rows>5</rows><cols>1</cols><dt>d</dt><data>0.07459359949977576 -0.5189835123651794 0.0009468040398269175 0.0001845275057094918 0.48469725717929</data></Distortion_Coefficients></opencv_storage>